function [y1] = six_force(x1)

% 
% [y1] = six_force(x1) takes these arguments:
%   x = 8xQ matrix, input #1
% and returns:
%   y = 6xQ matrix, output #1
% where Q is the number of samples.

%#ok<*RPMT0>

% ===== NEURAL NETWORK CONSTANTS =====

% Input 1
x1_step1.xoffset = [-0.00061649;-0.000527675;-0.000427794;-0.000628879;-0.001937543;-0.00310943840678963;-0.00027497;-0.00313259001111595];
x1_step1.gain = [19.4475188958327;19.0947288904064;13.0131404557598;12.5056321628589;12.7834266937902;29.5994687855538;21.101884246153;15.9830386275749];
x1_step1.ymin = -1;

% Layer 1
b1 = [0.10271434074991576957;0.9485885922369052814;0.41554276452995364544;-0.90055860007426102865;1.1143552183848497439;0.73234710216075804556;-0.23328610952387082711;1.7473609857643146448;1.4305152240658072227;0.90988737230270455569;-0.70325055723333418367;-1.8618297517843160893;-0.89506689505083325553;-0.41951890077565318071;0.24941282134897141409;0.10881848879338061609;-0.70975698886983529245;-0.083519359427923434147;-2.3437312516073864899;0.20325990857097819831];
IW1_1 = [-1.3114228697850509597 1.7296018984652203887 0.37145422155468144076 0.6555570490159964292 0.74431523626901108237 0.18298111685528320458 -2.8986885028060020986 1.0367132346623533223;-2.2437033135877588741 0.82631275664322190178 -0.43340273143959284763 -0.033906988679196357894 2.0957221223905246887 -1.1935512433825707923 0.35022133947551570277 -0.31341005140222405467;1.0437857435115609483 -0.171348170437649161 -0.39506505439078415387 -0.65353213947635468983 -1.1393132004910375699 0.41787651239622464194 1.9469667674842869864 -0.81772443020882457088;-0.56771285525660242222 -2.3402378683396691805 2.0205860638748660563 3.6128273015682190739 0.46979567100228142307 -1.1970289284300905663 -1.0082648737231465486 -1.4045050898449238375;-1.2495552766050579407 -0.89364940522208280438 1.5620728517216608822 1.7543862008891459858 0.092260937221551875265 0.9280947964270782613 -2.1915552835553886446 1.9145811419253468966;-1.5019266658981451634 0.91320855481372831264 1.0199681142409471324 -0.90754283617993547484 -0.59800425868887618908 0.7247439549322323149 0.024749351381848576359 0.80975718963956455632;-0.8532549240933968715 0.026301928639686156935 -0.24200231520366866089 -0.27453847976704709444 1.8537271939999113712 -0.35215225256676396803 -0.60621872368498164185 0.16552607547204867267;-0.6340322040905954637 -0.10986042120109032472 0.9695802094307539587 1.07250617468795717 -1.0624865385877126922 0.018842490740122671417 -1.1171792494562737819 0.67047626315644248685;-4.1762326561597822305 0.94622239206854641402 -0.2819304146941101763 -0.31226783720524881049 2.3949971217309697913 -0.87891622097972466054 0.36805836592091639714 0.41757120959253229975;-0.92795212428046580655 -1.89709147148884405 1.4602569635253734859 1.3512925101590189669 0.083896446718935105413 1.1133159979628841629 -0.60952664917399956845 1.1195317143501140045;2.5289305087661029248 -1.2803569462854407224 -0.2687127532725561152 1.4427500254636334009 -1.8168926641417433299 -0.53513782850774083144 -0.49519851866357211811 0.49166711391452788682;-2.630432283743198596 1.9770877382977540826 0.50560438202334567759 -2.0933619098862155106 3.0371039258872842836 0.079723795476163955565 -1.2313020057399088891 2.7465505509414804841;0.48154665881761932189 1.0623451465358813017 -0.44779570644571065063 0.26073288523020482499 -1.5452982243725039702 -0.44172280456539625426 -0.82876956682546065736 0.027518907058653088032;-0.79822241304967578301 1.3163859544924532141 -0.27014079829239862063 0.41912250713803445024 -0.17469635099444968951 0.11894492135480218276 -0.99622160699100215098 -0.21435223144007098384;2.0056887334920481258 2.5064249519351267104 -0.99787638462155259234 -0.55877561752447846288 -0.79488122599467958551 1.3166218659829107551 -3.533804665421143909 1.9329687616109392234;1.499711105508240605 -0.061460923882420637199 -0.59627798317139901751 1.2524167140039648149 -2.3861441512981342861 1.1567002128701455721 -2.5645019746640480562 0.87128966830282950085;1.5941132816177583376 0.13528913318873536653 0.35867371304773931762 0.055157590805382718246 0.81895988501016858674 -0.79429937738680889137 0.43681334350334111161 -1.8316831521510767988;1.4855298001328793855 0.13190560678684226659 -1.3981279999005395975 0.13732811764013316824 0.2079429229259613654 -0.45762869714919890418 0.23060027487694889636 -1.0822932364662436466;-4.475188419147872132 -2.8199669688739987805 2.4678733274112909513 -1.792397187803830283 3.5459396397362241693 -0.044747620660660299141 5.3092376012711799405 -0.89759771854232250909;-1.8512210943877285274 -0.040092588292982241083 0.46899103517170298572 -0.039784530913930360452 2.1119588953429215827 -1.4675344279960276239 1.4798939490298921307 -1.5459636377935588314];

% Layer 2
b2 = [1.3024805680108830774;1.4953984561014577181;0.15586060725016431805;0.39828696532887980508;-2.7811609170811224523;0.13769226557590055759;-2.3124314127573946109;1.4444325862231823798;-0.93587047759225650001;-1.1284639060244074926];
